199901 0 2080 52298107 1741676645.61465 /usr/share/logstash/data/part-00000-c81d21ff-429b-4b7e-80ba-3247e83d9b37-c000.json
199904 0 2080 52298107 1741677052.552567 /usr/share/logstash/data/part-00000-fe505441-b0bd-40fa-b35c-88e266c5196c-c000.json
199919 0 2080 41010085 1741677068.5080829 /usr/share/logstash/data/part-00000-a94b43ee-a2c5-4a72-a198-0702ecd17c09-c000.json
199912 0 2080 52298107 1741677986.056833 /usr/share/logstash/data/part-00000-93943f8e-c471-4303-9283-5dca7a903de2-c000.json
199924 0 2080 41010085 1741677991.5513842 /usr/share/logstash/data/part-00000-ec45f9bf-b3d1-4fd3-9cb5-06b41ef53f61-c000.json
199939 0 2080 55302951 1741678008.1932201 /usr/share/logstash/data/part-00000-ceb0447e-3dc0-46f2-996c-4cb19c6e687b-c000.json
154231 0 2080 73572907 1741755599.190213 /usr/share/logstash/data/part-00000-0f1461cd-a7e3-421c-b6c6-7b2458fb5239-c000.json
199897 0 2080 56986155 1741755599.189863 /usr/share/logstash/data/part-00000-7ecaaecb-cf5a-4b2e-b146-f0f1e3b8fc7b-c000.json
199832 0 2080 73572907 1741756699.323704 /usr/share/logstash/data/part-00000-d2f2434b-74ba-4c78-870f-b7d59eba5830-c000.json
27782 0 2080 47795823 1741757569.878127 /usr/share/logstash/data/part-00000-f086b4bf-be67-457c-9dbb-65647048e587-c000.json
84286 0 2080 45257271 1741758502.395222 /usr/share/logstash/data/part-00000-08ad81b6-ad34-4ee8-a37a-a953cdee9959-c000.json
84312 0 2080 45257271 1741759419.605695 /usr/share/logstash/data/part-00000-a1749de3-6e3e-4ef8-8850-ee200252357d-c000.json
108019 0 2080 43682448 1741759435.7941358 /usr/share/logstash/data/part-00000-32a34914-f094-48b9-b6ce-587bd75b24c3-c000.json
84316 0 2080 45257271 1741760352.954919 /usr/share/logstash/data/part-00000-e1a1652a-df3d-4fc5-b2ed-3ccd9b7934f1-c000.json
108031 0 2080 47948109 1741760360.200272 /usr/share/logstash/data/part-00000-2087adc6-a466-470d-9525-719d3c4d8054-c000.json
108022 0 2080 43682448 1741760376.250435 /usr/share/logstash/data/part-00000-827f5ebb-f08d-42c5-a6f1-a8b0b667232b-c000.json
108049 0 2080 44640468 1741761278.344948 /usr/share/logstash/data/part-00000-3ac84b76-d390-4e6f-991c-819740cfaaa5-c000.json
108025 0 2080 45257271 1741761280.261499 /usr/share/logstash/data/part-00000-c6a8b99f-3130-4300-8395-d57317863a1b-c000.json
108036 0 2080 47948109 1741761298.388298 /usr/share/logstash/data/part-00000-4fb7d5e8-6c7b-44c2-a8bd-e6a161928548-c000.json
108035 0 2080 43682448 1741761306.168139 /usr/share/logstash/data/part-00000-7df8fcf7-6201-4364-ab06-0e6c904d0314-c000.json
